8723
3124
1981
8269
1959
3064
6801
6035
1587
7976
3522
7574
4640
6205
321
4769
6856
5252
6628
6542
7638
5535
7154
8032
9831
8661
3188
7232
6925
5526
2998
7002
3151
5235
6458
8909
7220
6118
7715
2635
7560
4648
2357
1232
8483
5451
6695
9050
8878
3019
1863
432
503
5536
2036
1671
9614
956
9944
5540
1644
27
6946
5091
9842
3846
2289
7469
4394
9379
8599
2604
3582
7659
8924
4274
2409
2538
9211
7259
4064
9903
5314
3316
7372
4170
4365
6221
6100
4733
5811
6882
9476
7020
3952
2514
308
6778
9386
6480
6987
9488
1087
6920
7880
6926
6948
4978
242
8830
4331
4789
9387
2209
5623
1320
3774
6444
6089
8608
9852
406
811
5128
7141
7859
3546
6583
160
252
9564
3914
1545
9063
7306
1462
7987
3434
5911
1949
5672
1203
7265
5588
9410
5010
678
7492
1518
9742
5403
9730
8208
2329
2076
822
9533
5450
589
7273
3762
8025
5548
9207
4167
2499
3828
5898
8914
348
3110
3125
2452
2319
8150
4097
6264
7954
4655
3958
8117
559
7864
5751
1452
115
3211
7995
8274
5704
5493
4777
5593
5315
5390
6824
7129
6103
8893
626
3041
2994
3889
8675
5525
1170
7636
3785
170
2227
6069
3957
9256
3865
3384
4727
4281
1181
5545
3045
3642
4725
6689
2796
333
910
4246
3543
9698
8304
3142
7853
651
1029
5444
346
1293
8198
1345
6922
7252
6879
1121
3832
4481
741
1773
2014
3606
5633
6836
4388
9302
5610
6552
7849
4512
5836
3207
1680
1503
6324
2616
4366
5105
4724
9572
1894
6299
7612
53
7683
6316
3027
1272
1971
8276
1626
870
4919
5832
1327
6483
1523
7368
5554
157
1847
6820
4770
5175
7280
5795
6460
9771
3728
6757
4256
5137
4592
5989
1209
5969
2364
24
258
7947
6406
5907
7012
7784
7345
7068
5155
4999
3613
9820
6957
3623
4238
9368
4780
7801
4529
8607
1833
3399
737
3206
1632
3878
2308
7383
5117
6740
596
7364
4596
5151
1240
7299
1693
3286
1432
659
228
3430
9983
2808
299
5001
7886
5547
4095
6575
1496
8475
7079
283
9620
7946
5159
6814
6284
7348
3777
3460
3939
6711
9927
4880
7583
914
5357
2843
3590
8867
4367
3686
3309
7785
8848
4028
9007
9931
1164
4377
5024
3273
7111
2408
856
2470
3342
3751
5306
602
9904
148
6203
9516
4242
1560
7619
9469
2884
5395
3337
8691
8235
3297
783
1774
6754
3916
6568
451
117
8300
5551
8330
5675
5860
3541
5310
3893
4930
954
4058
83
7233
3023
6525
7247
4628
436
4646
4544
8730
8016
2412
146
5801
3741
8211
2073
2637
629
2523
2113
1123
1016
4784
6399
1902
7248
2732
3588
8353
8217
7040
8786
7030
9138
1311
5798
2360
2864
1360
7605
8116
5239
9651
7331
2574
8855
7769
3259
7647
8113
7615
7931
6250
4042
2211
1260
5697
6431
5951
7366
779
3161
9579
3812
1266
4953
1535
9028
7964
8151
5657
8227
375
3405
2532
6403
2513
6796
3156
6187
7437
8718
2897
7204
9107
128
5509
7535
6742
4268
4166
5389
1633
8205
2202
9110
3452
8857
6731
9798
4180
3886
9924
6805
3086
3241
8197
749
2394
9377
1263
5791
6218
3076
8282
8468
69
2853
2673
5458
5267
3390
9209
732
3848
2479
7948
2171
2445
2253
7828
657
1261
7937
1659
2913
3381
3594
7274
8375
2475
6447
9547
7587
2163
7746
2426
2118
3537
4630
2667
4985
1861
6371
241
3718
7475
3131
4403
2311
8960
2939
1672
3184
2048
9027
2605
8869
8071
9126
9907
3643
8443
4250
2550
7845
6367
6658
5431
582
194
2016
4976
7250
3862
6462
3493
9436
6452
924
8742
8574
2831
843
9280
3765
5268
2851
6420
4662
1956
274
2111
3673
6226
8226
4114
5678
1244
1183
9045
3635
1732
7051
1575
123
8916
3324
7641
1264
7123
2879
4975
4119
3645
1219
6763
9296
8344
6674
2392
1886
2910
1647
3864
2784
1301
7943
4515
5130
2053
8038
1901
507
8738
3721
4187
3089
1638
9632
250
755
1356
58
7317
5859
4297
4842
5029
1165
9257
9275
2055
2703
5076
2663
9629
5176
7850
7541
222
6138
2320
6683
7945
9358
9487
2620
4433
3298
5221
3218
5261
7701
2868
1517
8569
8936
2785
5611
2455
2285
5144
6397
6409
2108
7760
77
3358
4247
827
5075
3288
5996
6468
3299
4674
7069
9179
6363
7584
6584
352
12
5343
4810
2855
1821
2597
5079
7851
5648
9175
9197
5320
1464
6361
2599
8700
2584
6572
7304
5640
2541
1330
8441
8621
8397
5061
1795
5344
908
8895
5995
289
4886
3802
7043
4873
795
2643
759
1007
8732
1216
8333
1650
8464
1210
4967
9398
256
8920
3672
3516
1196
8415
1787
803
2916
917
832
5702
1138
2125
9180
1094
1728
9352
5094
855
4400
475
501
4072
679
7181
4970
791
5885
6265
2093
1850
1697
4799
6654
5186
8682
224
8561
3133
1722
7318
2892
9464
4642
380
3282
6293
1383
8658
8768
701
3650
821
9578
2288
2675
587
2232
961
6368
8252
694
9242
607
4838
2233
6789
4911
2208
2387
2401
7958
9412
4685
5253
6359
6104
7755
567
3727
1045
5272
4627
7310
1441
9097
1675
4354
8306
511
3829
9761
4932
3317
9367
5893
9744
6058
6356
8495
254
9369
5206
9556
6601
1793
6113
5040
6871
2051
6536
1019
6702
5242
6962
9484
9934
5803
6302
7689
6598
4746
103
5584
4626
7334
4099
8684
8979
8543
6222
417
3968
9325
4748
9823
5779
5992
5232
2318
3130
4411
4139
9948
7508
4221
4220
9135
7595
8841
9905
8423
3995
5946
6335
9972
8488
3505
7778
750
7371
5327
1709
3658
6213
2506
615
2137
9373
1352
6588
2722
1477
6732
5097
9738
6749
5188
9594
8408
1871
9183
2079
2291
79
8280
356
1112
9630
3859
952
1704
6155
5035
2790
9961
6247
2317
8456
9024
1114
3301
1699
5866
5948
2096
8562
82
1757
311
2040
4801
534
2188
748
9997
7764
6040
6269
6784
2075
999
5637
2090
4962
2399
3574
3669
8063
7678
7833
360
4234
4088
1303
1766
1914
4918
7968
5915
7405
8435
2119
693
4340
2489
6448
351
489
5385
2664
8846
9461
4742
3486
6845
5843
4606
9044
6114
1777
6864
4436
9342
6894
9808
6519
412
9227
9230
9006
4768
465
6720
8255
8947
3203
6551
349
1917
6435
2638
498
4217
7238
9295
9634
3411
4083
716
9590
1097
8145
6650
7550
4568
4691
3487
5818
5457
6725
564
6439
504
1115
8745
9319
6423
3265
4222
7969
2414
3902
9704
9750
4105
5941
9152
6797
2558
3308
2546
7221
6064
7124
7613
1790
9838
187
2882
1415
5127
718
9611
1555
4454
6675
1738
7772
3937
1986
8141
4511
206
1265
4236
5039
5891
7452
9584
4483
2551
9003
4649
4998
3239
4257
3400
7214
3442
6304
6791
8337
4360
5748
4018
5960
6132
955
6175
4968
837
8062
1834
2665
6829
3473
1189
6969
4764
7491
195
7503
2150
7854
4987
6009
4859
883
4260
6099
7101
4560
6955
1520
4494
6275
2891
3547
3502
6204
5544
6385
9317
9873
3835
4797
9618
1615
2443
1063
6553
1716
9821
93
782
9532
9009
6096
62
9420
5564
6106
9711
1652
7116
2457
8487
4151
2927
828
4749
6586
1217
7953
2830
6049
111
6709
9817
4328
379
7197
5546
7305
5071
4883
9267
4000
6995
399
7377
8356
6314
8331
8447
4124
4986
1737
4641
2031
3157
8525
6524
6454
8329
6235
3266
6456
1519
7479
8769
30
7153
4271
6736
4030
4793
9800
6364
2779
4302
3008
491
5781
6242
4
5355
5854
3509
8201
3477
7436
9696
1951
5968
502
8903
993
4520
3656
7278
8380
5383
6877
4516
5338
859
395
6459
9658
7057
5699
3576
1258
5378
1344
5651
7064
66
4082
4306
2281
6901
8951
9977
9893
6134
6717
1898
7231
1549
7415
6360
4399
1988
6357
279
3374
5905
8919
7546
443
6162
6115
1645
7453
2124
4089
3444
1211
1629
8927
1889
6417
8771
7777
2266
6506
2908
340
5377
8752
8865
3756
3135
697
3160
6760
9683
6215
4045
3591
2256
9086
8194
5026
4401
5872
3577
6400
4990
2758
4867
4295
428
882
7865
9109
3401
1688
7891
2045
1339
3882
5687
1677
1807
2543
5107
2867
5607
2598
4934
8945
7982
3731
8354
386
6873
524
830
7998
6574
2088
8619
6343
7137
5846
9013
9394
5955
8015
7160
8789
393
1387
9343
8875
1538
2243
2366
9603
4212
5466
9090
2748
6886
5698
8874
7973
3680
884
5294
1612
6191
4594
4391
45
9628
7163
5276
1864
7303
1617
3503
7256
8749
1493
1621
6246
5754
8577
5980
6712
1446
4815
1860
4533
7097
6676
3051
4735
6076
3545
3437
7391
5560
7384
879
623
6405
6254
3012
1935
6200
1507
5215
5319
4809
2622
9824
9772
877
4950
2957
2750
408
7323
8698
4237
7970
7222
5997
4712
163
2769
5963
5533
1382
9809
2148
2924
8503
4776
2143
4111
2601
439
1174
8554
2323
4071
6348
4928
1268
8003
8050
1439
8653
3592
698
7223
1800
8591
2169
7763
2117
5093
5896
9248
1921
1187
7869
2255
1238
8266
6932
4790
7263
6338
9827
7810
819
1434
3976
1393
6446
9472
6457
5352
3861
9911
9202
9645
6875
918
2944
7189
8075
5384
1463
4573
705
9185
7890
4617
6126
4106
1036
5693
3009
3823
8307
3587
7114
8882
5289
9282
8536
2836
8985
7656
1241
191
7569
6199
6592
3634
7775
5460
1122
9442
8285
2442
6652
6670
1730
8692
1798
8799
5418
6386
1013
7466
9919
5048
5700
5339
9147
7857
7164
2986
4178
4692
2511
1470
6141
114
940
8076
1589
7796
7237
7805
1978
336
2606
9276
4806
1747
6881
2034
300
8051
7162
8629
9766
5515
8639
125
5300
9647
22
7504
1969
6841
9936
9460
9422
3074
7380
6051
7307
5666
1561
7920
8409
1866
8121
1011
8220
5766
1134
6577
6267
2955
9667
8234
5834
3885
9444
7488
3858
3061
7866
8455
5089
7663
9682
1001
9381
6152
3666
5332
3251
4567
8010
3760
1361
1248
9554
7186
5099
5683
5659
9426
7509
5285
963
7877
2244
5710
1663
8327
444
7723
6900
3119
4489
7208
6837
2313
3701
2431
6907
5892
6383
6311
6606
6573
9786
8039
9164
5114
7842
210
3713
7530
7698
2206
3562
4341
4758
5194
3134
313
8369
221
9401
5015
7999
3531
1881
4821
4263
6059
4680
4636
3243
1669
6806
9666
6366
3291
9735
3854
8325
9008
9891
1192
1365
6398
6078
594
6798
3143
2286
9571
1813
9713
5862
7352
4854
2880
4440
8191
1885
9915
9212
2100
1739
1143
5037
4532
1840
2140
5925
7824
5359
236
4006
9187
1797
6546
7792
8322
2429
1546
2007
5110
661
1712
2999
5870
7028
3482
5271
4744
1215
7429
8506
3000
5486
3015
416
1706
5373
3565
2192
7697
4186
2639
6087
4283
6534
5313
6996
1912
2462
6111
9591
4814
8649
8078
3649
8791
3311
6416
6775
9530
4839
6977
8557
7239
3392
1034
890
5109
6521
430
805
101
6520
777
8761
7644
3181
8133
3511
549
6272
1811
9062
689
8146
4563
4149
9158
7640
9137
710
5484
4442
9990
4657
530
8049
5038
4291
1193
5848
5638
2144
5852
2064
91
2347
8620
1461
2951
8558
4644
9803
934
6766
5033
6541
6019
2453
8523
5056
7046
6136
9119
7620
872
4479
7426
2695
7354
5557
1946
8673
9165
740
3007
3248
4548
3866
7637
3682
4350
831
6539
7072
7418
5903
3578
4409
4138
907
6853
1534
3339
1191
4631
7165
8230
1481
8504
7585
2510
1947
6673
4285
3036
6928
8862
1173
3743
7708
969
7839
7395
9069
5937
4387
941
4981
9767
4293
5070
2109
6262
6849
7146
5475
9531
4647
4330
2179
9689
7236
5906
4448
1897
8583
5816
2682
4637
520
9235
247
1804
1451
765
6182
8679
1710
6320
9624
9061
3985
4259
6493
1973
5138
4490
4414
8527
4591
8801
3804
8802
9456
9332
6986
3454
1450
2435
767
5728
6860
5880
8490
2878
7212
3277
5351
5419
5074
5354
4668
3988
4478
5732
1689
5770
4405
419
6857
6915
3364
3187
3100
2149
2396
1179
4632
8623
4832
4760
9311
8439
4498
4972
727
6616
2343
887
276
9222
3706
2521
5483
5229
1146
5902
2806
3972
5712
3892
255
5597
1528
9005
9846
9818
569
2351
2565
9355
8024
6121
7344
6434
5990
6146
7825
3742
8326
3368
9512
2724
766
4447
604
1406
7989
7874
858
849
7903
8341
4314
9301
2156
3404
8347
9357
8388
1348
284
1073
5609
3979
499
3740
4805
3079
9557
8023
9081
8754
5226
8630
4570
6497
6890
5511
1701
6352
5724
3395
3908
2397
3047
7038
3900
519
2086
4708
9551
3825
6566
7202
9639
2641
7490
3107
9889
5644
9291
2619
8469
8381
488
1694
2282
6501
4625
9503
576
5760
290
551
3333
3323
3336
7094
3560
1380
6596
6818
7914
4078
3433
4653
7179
9844
3766
2761
9264
3932
9552
7036
3387
8835
8582
4900
234
7554
6027
7981
2760
9265
6555
4485
5337
2267
4979
8545
4994
4211
8880
9101
2909
3820
6245
5947
5559
9260
768
1570
3794
6694
1696
5205
9765
6904
8127
6844
4670
3872
1619
2952
9991
8529
5347
9840
3924
9011
239
3274
8180
5895
9548
2898
9625
8042
8124
34
8793
6661
2691
5406
9238
1386
814
921
6379
9510
1142
5275
2304
2339
2647
5709
3209
1649
6615
9243
8814
6639
5422
3629
5463
1832
6707
6544
8452
3734
3192
2709
8972
3913
3605
4054
3993
2530
8762
9739
1752
7217
3004
2933
4704
6331
176
6739
398
8871
4872
5011
1817
7756
6545
2310
4697
2659
3615
1965
9884
2421
7117
9605
1005
5923
8931
3834
7228
363
8611
7710
9921
7811
881
7610
5668
1323
3784
739
8706
9785
2061
4225
1600
8981
3830
1488
3568
5587
7386
4755
9604
8879
8660
5112
1913
7941
752
476
7766
9851
5203
4161
7018
867
8805
9074
1745
6415
3488
8318
6500
2293
5228
9723
3393
988
2930
5720
232
1024
3627
9233
9749
7664
4836
5979
9430
7098
5763
9871
1596
9068
4393
2024
553
8249
1962
4431
3986
8688
638
5429
5708
4197
9331
8206
2780
3931
793
3099
826
1047
1727
7737
1655
9196
5249
6261
7835
8155
6108
4671
4358
8816
2467
1067
646
9067
8589
1884
162
6057
983
7427
2969
7417
1280
5797
1780
9416
4633
9389
5324
5456
9693
8856
6077
1475
5864
9731
7693
8652
9754
6422
209
6940
1000
7246
4505
7871
7135
5563
2745
1158
6464
3702
8997
5197
3122
9729
9715
5311
4849
9299
599
7226
2776
3946
6556
9527
344
906
3722
5671
1129
1315
4005
9118
1799
4569
2138
9349
5098
5970
1139
8204
6172
9780
1592
1401
9433
2915
2141
900
915
3428
8212
579
9497
1428
3949
8101
6685
1922
2733
8036
6133
8084
6734
9553
1796
645
5082
6295
2193
5894
7244
757
667
5265
329
469
5604
9702
6007
7594
8860
9194
3941
7399
5216
2430
2316
7966
2160
3202
1772
3619
4320
7944
1364
277
2423
5025
3176
339
2562
834
9980
4355
4441
9057
9763
2795
7484
2181
563
6885
4065
6048
9287
4593
3155
5572
9470
3641
9025
8188
7022
7478
3714
8676
6074
6998
7568
738
1786
1968
6678
6135
1469
8687
1449
7367
2411
703
7862
4470
456
4616
8453
2477
6936
6809
8904
7016
2433
3744
1651
5741
1410
3863
6034
9326
1053
6963
8350
8829
6176
180
5295
2306
1516
7003
4890
1453
4201
717
2480
6408
1744
8181
2531
4756
4732
431
9701
2956
3749
820
8575
593
9064
39
6044
4857
8080
460
1754
3214
3519
4077
14
8943
7343
9032
9432
5002
592
1944
7319
269
5830
188
7540
5820
933
4996
1602
7542
1827
9570
8416
510
9621
9128
1759
3912
6949
8712
5917
7110
8902
9627
6012
6453
8534
61
9307
116
997
4282
7055
6776
7121
5982
4351
823
7539
9837
2085
7374
9080
4423
8020
1437
8268
7972
5181
9041
8239
7229
9797
3148
7739
1643
237
2794
9224
407
181
5614
3380
7450
7159
6779
5213
7988
7496
1050
2539
4311
9419
7397
5036
4931
8505
6194
9794
1371
9278
6220
4528
89
3901
3065
2223
9131
4464
1627
5284
6341
9721
3621
2804
9498
4378
4798
3253
6656
5296
1637
7592
874
6947
7443
4457
1665
6237
100
8993
3179
8858
896
3194
3478
3497
931
3073
4014
731
5899
9845
2817
8104
3451
7806
9306
3811
1275
5785
1033
1110
6450
8137
2505
3920
9736
8586
9898
9033
8163
6774
7570
611
4518
9900
725
4730
282
383
6511
0
6535
2629
1212
5619
4153
7324
6621
5774
4333
9623
5993
7609
1769
1353
5139
570
9105
5932
1102
1250
8390
186
6611
4912
7497
4363
9010
65
259
5353
1372
2893
4384
548
2696
6647
5212
9860
6509
7213
1717
8785
1869
328
63
2151
7984
6005
9535
7816
6184
8727
1307
4957
4651
138
9161
7555
7241
7387
1928
9791
904
6668
8969
433
5945
8560
1635
2402
3167
4036
5326
6737
6561
2280
7543
1996
4488
7245
5499
6129
218
409
8460
5761
7035
5241
1278
1794
2797
6212
154
7593
8395
6347
1284
7942
6884
8966
3436
1150
3246
405
1958
4497
600
6437
6402
4284
4035
4884
9892
1098
981
2725
8782
1580
6070
7255
9411
1642
2612
8486
5684
6770
3409
1082
2155
225
6389
6101
75
4943
5065
2901
9684
6094
3699
8046
7480
7059
1080
16
3128
2788
3312
3060
3034
4718
2902
2965
5650
4359
8142
1069
2226
1433
2578
4404
3690
7699
392
1127
6646
902
4412
6031
6735
4897
8553
2070
2833
901
2679
263
7000
8019
5876
3793
6317
4133
484
521
7216
6067
3652
6090
5585
8792
4555
8260
8573
7283
1222
6345
794
8926
7921
9171
8600
2173
7047
8646
3354
1378
9312
2676
2872
5527
3724
526
6080
6635
3224
7448
3665
6395
7400
939
166
4690
8627
3607
5185
1862
6128
4396
47
1255
3566
9096
9642
7841
1394
4184
3795
9566
5670
5857
81
7282
2393
2170
541
1269
6591
4765
1064
3745
2484
1598
8820
4048
7843
4595
2805
1844
9857
2991
4688
6266
4126
7152
6288
396
4578
3421
5912
7176
9916
2247
2577
9597
8161
6122
6258
865
2766
3660
9453
1048
7033
3700
7039
3518
1527
1291
5909
1711
5147
8726
4534
3736
8263
2355
9424
4239
7438
2751
2967
2618
1903
7611
2158
4786
776
7577
2621
8187
6533
9330
1135
8551
1186
7858
7974
7782
9462
2948
5553
1857
1683
2362
202
8634
8777
2133
9832
6726
8845
6747
543
8566
4074
13
9125
5497
3039
5067
8524
538
9994
8182
9805
7597
9988
4165
1081
3300
6669
3178
7321
5591
5662
536
6838
3293
8034
920
4574
9479
612
7392
6538
1541
5812
7243
7336
54
9588
7654
9608
588
911
5656
156
8372
317
9883
9565
2216
2687
2406
5506
1848
7042
1153
4554
1770
5199
3689
6620
4700
1942
1740
2290
9718
691
80
7050
6017
8215
9950
1395
8240
8670
1700
7499
3183
6570
4249
5954
3367
1868
341
2046
5201
2242
7922
4877
947
7281
6214
7091
8171
5287
5333
9471
3664
8362
4244
5596
5405
2312
9496
1290
9965
9167
525
7408
7821
9876
8642
9305
6743
1845
5250
9719
2888
1459
3654
2058
1326
8774
366
7712
8890
8868
9699
9956
7357
7646
7468
6705
8067
9861
4169
3801
6637
8788
8891
2101
9545
966
2737
7406
8703
1543
6498
5305
3636
4501
8937
8309
5485
6337
788
3926
2368
2666
5166
7095
4190
8622
445
5513
3195
3981
4638
1781
5434
3549
4422
6137
5269
9826
3978
1373
2569
6470
7889
7522
1497
7917
387
923
9665
3688
3631
4536
5414
1256
2713
9814
5855
1539
4038
8474
6224
8907
8361
4783
4709
4418
6792
1465
6201
2127
9127
7628
324
2383
2258
9681
1055
235
9955
1116
8271
8823
5958
9909
8965
1006
747
1653
1502
5825
4037
3410
8714
4874
8737
5904
6166
9663
930
5961
5934
6421
5480
665
3366
8065
4012
6701
184
3427
5474
7908
8604
6332
9941
137
6772
6785
6859
2307
5589
3544
1674
8177
8850
8851
109
9636
9635
6477
7477
631
9058
8420
9362
2166
4778
3289
2876
1425
2248
8287
5755
1985
2651
3930
7053
369
609
980
8059
2958
7983
90
5916
1768
9440
5073
5719
9960
5967
6893
835
424
261
6971
4889
7445
6745
272
4828
1021
3348
3468
6263
3662
7385
621
4406
5574
7066
7909
6053
9908
2217
2106
5826
2338
298
6326
9716
3217
2246
6827
1160
9962
126
9383
8734
2215
7010
7398
5861
3024
722
390
6315
6173
2009
5703
7829
6248
2018
603
2186
10
6192
8894
1259
7185
8031
1586
4629
1414
5579
4476
7906
9056
7962
840
8083
1130
6419
1851
5356
3775
4230
2032
5081
6479
535
2044
5432
9088
650
8800
3991
9631
425
3824
5077
5626
8312
4763
7483
3150
6230
964
5387
3691
5171
1084
4473
9920
4862
9610
5084
5257
1119
3679
935
1234
8074
7744
8636
1765
8616
1420
4973
3115
5218
3182
619
9169
8821
5158
892
1702
7740
5328
1201
2529
8112
7674
2314
3517
8459
483
3622
3693
420
3910
2786
1904
3527
3887
3614
7215
2063
8651
4542
2081
8989
7518
5279
6374
9954
1533
377
1907
6718
9431
4989
4181
578
9122
1640
9354
4192
1553
1603
1512
8833
8693
6319
7502
23
3049
1225
5688
6660
9136
1658
6109
9810
168
7155
8592
7481
8911
1569
8900
479
2271
7201
5409
4487
571
68
5481
869
8056
7251
5433
2756
4860
446
1591
4112
5998
9328
9254
1708
8292
5003
9685
7136
4543
6008
6482
8731
9485
4446
5160
7527
9499
2895
1059
8382
229
2398
2187
7820
7690
905
5636
5567
9159
2495
5361
6032
3279
5776
6714
4113
9318
8221
2953
4016
8695
4425
3768
4421
7070
4477
8052
5598
8597
3960
8336
8156
6983
5096
4991
9643
1131
9240
1499
8110
4298
6741
3245
1622
3880
2582
9799
1558
1010
4270
2057
4980
9021
3144
6495
5743
7934
3168
4876
4945
4546
4334
653
2576
6917
4681
6693
6634
6297
2940
6174
3977
664
1746
3455
6025
8237
1577
2146
216
7467
9872
9650
7285
6564
5146
5055
6858
5316
5210
5949
2240
5829
1041
8998
3261
6869
8744
7054
9562
7688
3869
9918
5729
6193
7524
4023
4416
7264
7614
1733
9822
3663
1103
9637
962
177
9458
7986
8822
7465
5088
2042
2719
8152
9245
5711
6794
6306
614
6256
3126
9678
99
7533
8384
5807
388
4586
6161
5482
5788
3513
3158
2700
2011
9942
7021
8073
1723
7590
848
2846
5423
4076
8236
8983
7557
8917
3303
5224
509
2103
6532
850
5886
49
18
4623
413
9759
5737
1077
9867
2866
7170
7108
362
6047
113
124
2648
1870
6976
1839
4785
5136
8009
5888
7601
2425
2197
4526
8279
5927
9226
3596
4952
273
1025
3888
9546
7434
6227
1878
7959
7067
3726
1120
622
5926
394
7830
7209
2490
1194
7600
2906
9403
8736
4556
8564
8790
9304
5952
8721
5467
5531
9707
6163
3996
8364
5288
9734
6216
5767
2340
8058
4155
4408
1641
9029
6318
8877
666
5196
7086
6895
3418
7219
1403
3845
978
9958
4277
8683
4319
8265
6724
5897
6112
3426
4995
1046
6686
7262
531
9407
9121
1354
371
6130
1749
2903
9012
5435
7863
1660
2887
5154
5512
7798
5642
5977
1939
1199
2734
4315
4125
3852
6887
3732
8207
2494
584
9875
7322
9236
4913
9652
8461
6985
785
7340
6595
3271
3330
1974
6050
8507
3138
3808
3231
6165
7876
5726
6665
7702
5172
376
5283
1482
1445
5735
1605
7187
3498
7048
8938
7879
3205
6158
5539
1567
7127
1252
5442
3175
2873
7952
1822
4977
4034
6916
4053
692
2279
4157
1931
8739
1532
5600
3031
4812
2627
302
8451
4723
7
6892
326
6180
6897
4661
2054
4123
4248
2685
2535
8349
6294
1948
9870
2711
9687
9181
8609
9397
1550
8959
3788
6636
959
4601
9714
5441
1207
3984
8004
6954
1338
402
6390
1977
8923
8892
3883
8549
4496
1548
4703
1761
5842
3388
2082
6679
7703
8233
5291
7015
9937
164
5558
9239
1218
8781
5121
3257
9066
4504
4902
2552
343
4203
5454
1074
2299
4654
1867
5745
9168
7227
2485
132
2265
4389
6738
6870
2115
3819
3959
9793
6515
5971
4208
7120
208
4218
685
1230
5278
3917
2575
566
7203
1471
6929
5706
4194
5280
5534
5371
8811
1608
5425
3813
2968
4771
9966
2418
8040
8168
1835
8544
9660
9262
4461
3942
3761
4728
4506
7339
4713
7776
4135
7602
5220
3471
9518
8037
4376
3208
2200
5342
6277
4310
4761
7493
5783
9339
7325
2759
7745
3569
8668
2465
9483
1927
656
6762
4696
6729
1495
3695
8780
7356
3753
5142
7571
5736
3553
5219
2698
9075
9868
3971
8138
7456
655
5436
150
2773
2403
2508
8773
4576
6013
4087
1590
1547
8946
7224
769
8092
4342
5723
9748
7421
2798
4460
2010
3140
7992
1208
1806
5312
818
4214
3584
9482
3417
8613
4597
4061
2017
5263
6629
4537
5400
6241
6026
9173
6063
9697
1941
2332
9899
8863
8494
8663
4348
2384
6889
6125
8921
6810
3346
5469
1125
1571
1384
6863
189
3429
173
3325
8837
9221
6093
5935
3797
6279
7464
7402
2938
1457
1724
2625
4010
6188
2656
7470
7455
5999
841
7787
9475
5569
9686
8008
7447
8006
8708
948
6223
7206
647
2321
7902
3552
5053
9143
773
6123
565
7738
5730
8827
1883
3671
2461
8581
4852
2273
9615
4003
4465
2167
3911
6232
334
2524
5157
5532
8448
4292
1032
4445
5415
9688
6073
671
196
7896
5817
6554
3196
7729
547
6312
771
5057
6643
8086
9609
382
3435
8637
8628
6975
6868
9098
6382
3786
929
215
5372
1681
5427
6473
2823
3575
9255
2230
9077
9996
7375
3162
6181
9998
338
9613
7037
4093
1508
8089
2813
4509
6105
2498
6692
3287
2164
6803
3755
9834
481
3831
4901
4047
4336
2298
8567
6373
714
1182
6528
5786
3874
6848
3989
2580
2545
6930
4094
5495
3918
8764
5522
9788
3005
1805
3321
169
4871
5655
4347
4276
7814
11
3088
1020
1478
1731
4714
7287
8368
7180
6733
792
4549
3345
1594
1342
3757
8779
5108
2735
4687
3469
545
8803
5113
9102
8929
1961
9581
4455
2427
5019
6973
3710
305
4033
2013
1791
9901
5733
998
8131
5900
1607
8434
3449
5933
6330
3332
5775
4147
888
2533
3240
1012
2234
2447
728
6154
3258
3149
20
2987
506
3849
4198
7510
487
7008
6623
942
3956
3037
6787
1044
8602
8186
9500
4210
5234
3177
1576
2375
5122
3370
3071
367
1513
7911
8934
4410
7670
5335
1979
3644
5478
3164
3283
2528
5510
4558
5889
8360
4899
2295
2877
6624
9649
140
1910
6910
2363
2972
5132
7422
8238
2277
9336
514
6531
6843
1071
7461
5691
2301
7901
3716
3535
640
5430
9051
5943
6376
3394
9274
7832
3191
38
7347
3800
6659
6510
5237
5778
6773
4471
1286
5496
561
4927
1500
4850
1609
3791
8143
7328
8093
8147
4622
9474
3396
8610
5605
5230
2204
1604
9361
9737
4819
270
3822
3750
1350
3781
4196
5297
4304
7149
2588
3704
260
2006
7178
6229
7873
7096
2820
1392
2459
4947
5983
8440
2400
1107
3806
4795
6443
7827
7985
3408
9467
7706
9232
3796
2449
4235
3661
9205
7635
4652
3483
5030
3210
9849
860
415
7622
6768
3254
5764
8872
4324
8819
4898
6488
3921
473
6107
227
6164
7284
5542
3470
897
3847
3725
1040
1324
1169
5721
3676
7734
922
5507
5398
928
9020
2554
8662
9363
4878
6966
1721
3586
5321
6960
9477
7104
5608
7844
3456
7505
7139
912
3106
3111
4278
8371
2715
2196
8366
3230
4824
3053
3843
7198
3139
5366
8454
6282
2587
9978
4084
5140
345
6023
5768
1247
5476
1970
889
2686
1031
1056
3595
8413
3369
8681
4090
7978
2503
5004
9935
3792
1318
9141
7460
7218
6006
5009
8932
9933
5407
3790
6905
4070
6209
9946
802
8928
8640
8957
3252
4357
4189
5080
1572
2628
4781
144
3042
8378
2047
6481
364
7085
3906
1719
5938
320
9486
1331
3334
8421
3464
2767
2419
3280
6289
1422
122
1155
400
6430
5919
1083
8291
1882
1328
3091
3840
149
6055
3173
3479
1430
1562
1109
2390
285
1995
9315
5150
7725
6816
3598
5867
7913
4753
2542
3533
2015
2207
7898
8775
4701
1925
9073
7809
8618
2165
1091
7807
2718
2657
2183
9691
3102
3532
6413
1906
1664
6903
854
3717
1370
4368
829
3022
266
4775
1028
2112
9879
127
9111
8111
9002
8939
7993
844
1628
5627
4722
8370
862
1043
3620
2410
7791
5382
3272
2287
2923
7088
4736
1490
1498
6931
6354
3836
512
1585
4922
787
8417
6239
9250
5330
9644
8548
3087
1957
9160
1379
4845
8832
3752
4430
60
3025
6855
7358
2904
1776
2120
2963
3904
9178
2324
9743
9413
9813
3021
264
5411
9760
8122
4424
5322
4757
8293
2278
9616
2626
7077
7736
3013
4109
6883
2672
8887
3987
3500
9856
2810
9709
2936
9528
8807
9399
5416
2979
42
1334
8007
7894
991
2559
8601
5111
5580
447
873
3212
5262
9268
7803
899
6641
8248
7166
8334
4100
5270
9567
2702
3601
1976
9783
8962
5022
4108
5792
4273
8446
7369
6323
8406
4275
9587
9130
5622
9286
403
9529
6687
3072
4345
7006
762
5217
654
9717
6589
5991
8001
8438
1509
8377
5420
8511
2825
8396
8532
9700
4539
9108
1828
4200
5660
8125
8202
5685
280
7562
3238
6028
1880
8463
6790
2350
3589
936
3095
8759
76
7618
6207
5472
1789
1911
5309
8389
9502
8974
3467
2354
878
6003
1228
3450
8135
4067
7704
6412
4185
7327
6603
7382
357
9026
8386
1673
7623
1249
9874
5975
4262
5145
6085
9536
3504
1826
8690
1366
7458
6706
253
9596
5924
1314
1375
7432
1287
9897
8715
7489
4602
8666
9459
6381
1093
3318
8013
389
3928
8303
7134
4254
2653
8678
676
1695
1505
6934
4338
7754
973
4486
6325
8585
5787
9862
5799
391
3153
9592
9674
4961
1068
9504
8572
7781
4955
8184
4296
2633
1812
3132
5068
6680
1095
2536
6054
9577
3481
4599
6351
493
4942
7290
3940
71
3055
9952
8968
171
4729
2937
7125
3305
8357
6260
7370
9853
2997
4664
8308
2359
505
8844
4933
3922
3352
1163
8115
3069
9095
4150
8482
9170
2941
5381
6808
5225
2975
2424
5443
7910
3687
995
3244
950
4491
4679
8580
1101
3080
1492
7521
8466
9864
6950
5380
636
9585
7515
1661
7604
8881
5023
6303
7188
2469
7573
4562
6921
5479
7606
8977
7271
6812
2162
898
3189
9951
4300
5187
2372
9964
7089
2852
6608
9612
2962
4992
4096
7846
3145
1026
4131
8426
1229
9841
5462
7474
7071
4737
3748
7716
2297
839
2482
304
3557
3391
378
5174
4062
774
2105
6238
2177
6195
4607
7277
9000
231
32
1522
946
555
4608
7990
9031
1288
5615
427
3186
6953
477
2848
8283
9210
84
464
3165
4663
5581
3044
7362
3340
2239
1515
1357
9123
165
2235
8750
3459
3343
1964
9393
301
8183
9912
7847
1877
745
7501
9385
9189
2749
2931
9524
5819
7700
3416
1779
4415
7052
8656
9415
4951
6716
806
1932
9819
5985
110
9134
4896
5883
3278
7598
6581
7578
8767
4130
8118
3163
5653
8216
8478
8913
5303
4675
4164
2720
8836
6489
9334
7552
8422
7588
6424
8043
5973
9573
4265
423
4029
5124
2683
5794
2954
4057
8095
4207
9441
3839
2714
7932
6185
7425
418
9382
5646
3447
6196
1476
6333
967
6186
2472
2283
7045
6478
7103
9600
625
4935
2059
2131
5049
5204
4372
8995
5299
8713
8323
5689
6142
4458
754
9292
6170
8612
7742
7730
3146
2549
8471
539
9277
3805
3302
4420
1918
4456
3062
938
3033
8984
7750
381
271
3201
8136
8808
2917
8987
9869
6618
5658
885
4134
1144
8256
9753
7081
7630
1510
1319
8272
674
5964
8901
4040
6550
4581
7519
540
2974
3685
5078
1231
9745
9967
8590
9523
7005
9705
4060
4615
1277
5957
2950
2190
9574
6968
8701
8864
9646
3611
2863
4288
9762
7996
3579
1966
3767
3066
7726
5549
3933
9513
5090
1411
3136
8918
8085
7881
1042
4600
1299
8584
9374
330
9939
7161
2738
486
1667
6765
797
8190
5936
3626
8450
6281
9925
9216
8244
8068
6530
4706
8672
5665
9225
8250
518
6491
6642
6688
3365
316
322
2376
9507
2176
6559
3961
1336
9811
6667
3412
9345
5805
9949
6802
5639
4645
4484
2792
6593
9561
4864
2358
1556
6644
8842
3640
8082
758
2777
2611
6632
8103
1014
2548
159
3075
7672
6899
6504
9740
4223
6004
2525
1440
3965
6619
3826
2194
528
9480
1149
6039
9400
4705
9828
3844
5808
8328
9945
3169
1933
5236
2591
8467
8606
8665
4583
9914
56
9450
8859
8828
3306
43
8241
2723
1736
8123
1302
3970
707
6010
1836
8870
9104
1436
5413
4678
358
2191
5645
8196
817
4148
5652
172
546
3653
5397
5087
5393
435
458
3954
3990
608
5543
9203
2210
4492
121
3285
2065
9789
3964
7433
4834
7861
7603
2768
7665
21
8393
1875
4826
681
4432
9213
5568
6840
8617
8765
4598
278
544
1362
8316
7133
586
8838
7950
8107
6401
7288
6321
7927
3193
6001
8674
7893
5556
3057
104
2744
5426
833
8797
558
1753
3915
6259
72
7407
6684
3260
9922
2132
8976
7899
9309
429
2043
4829
7107
5749
2238
3814
327
8281
2856
1088
6781
5802
6233
6548
2571
1480
1417
5654
9582
9521
2835
2712
1678
7650
8935
4233
4969
9855
1960
1054
3923
2890
2123
7907
8526
6042
2245
1484
2104
4665
1514
2995
662
6014
36
7924
6958
8442
5521
6153
5930
7837
7677
8886
9878
9671
361
3056
7058
6708
1783
5928
8521
3431
1157
1308
4853
1205
4831
3764
7411
5487
9626
9290
5238
1408
3994
5044
4001
6378
796
6874
9835
5882
4073
847
8530
4941
4267
2603
857
2662
8635
3712
2094
2932
2500
1092
131
2116
275
6206
937
5412
2451
971
8513
6819
8944
2964
2254
2568
8568
2566
3779
9321
3425
4202
3082
2982
7092
6243
3733
1654
1391
2747
2522
2219
4258
193
684
2849
8
8363
8641
7691
1367
3326
1544
761
9947
2294
1427
6116
2590
8517
763
699
7752
5780
8176
2681
7538
2377
8173
4924
6091
2896
990
1803
9034
4229
2771
4075
2592
5031
325
4313
9258
8697
1618
8114
3229
9314
6375
8579
7200
4015
5966
8528
660
3602
2476
696
4215
198
6150
2708
5713
744
2839
94
6474
760
4183
3528
6562
8195
6756
7487
1646
2669
2935
4530
1283
6252
9807
7645
2405
1692
6283
7783
1611
1246
4397
6945
2515
4522
5085
48
2220
4800
4362
5376
9434
6638
3948
4958
3472
2325
7013
9971
8531
5290
7182
6832
9351
6980
4191
4766
2222
6140
8689
2646
2945
4531
2
4364
6494
4318
437
3127
1551
641
2439
9144
6271
296
2799
6313
8990
7575
9270
1837
3510
3172
485
8170
8535
44
9437
2413
495
5438
9542
2438
3276
3651
7732
6627
4266
8088
3120
2257
5901
8664
281
2454
7639
3141
8669
4144
1368
7897
557
5537
1597
52
8332
8831
449
1197
8081
522
1725
3268
3123
5410
9154
2228
199
9457
3539
9455
2386
5530
5143
8472
9676
9327
5762
2501
3521
3359
1310
1358
6880
957
2624
4588
2645
780
1963
3361
5796
6703
3624
6290
2614
2978
1887
4063
2315
577
5631
1636
5950
5571
2661
527
807
9324
6696
9563
3720
9421
5744
5103
6240
8387
2448
3011
9046
6179
9191
4287
537
5492
7060
2023
7928
6610
7167
4564
4216
3737
8654
4466
1106
2292
4612
1004
3292
7955
5180
6086
3063
8964
8699
6622
726
2068
6469
3815
2367
9708
2770
3499
306
6653
992
591
3054
2114
6225
8167
9150
5667
1381
4382
2914
1905
3059
1376
5804
3697
6433
1955
5034
6517
7225
2608
6851
6472
4451
1994
1579
1919
8055
8702
663
9559
1456
7633
2919
8470
700
9601
4374
9
7544
8149
6991
9829
4519
8193
812
3407
4002
7789
8179
642
6075
4738
9129
3850
5051
3538
6117
8425
8379
6769
3092
6065
1743
7720
2175
8949
5243
9186
2602
4140
7818
4407
9184
8810
7979
40
7563
3632
1355
2595
7276
8189
8650
3554
4079
5259
3377
3328
2670
7629
5602
4120
5632
8659
965
2883
7301
9999
7977
3263
7671
2947
8961
31
7439
4575
4069
9863
6908
1052
2809
385
7892
4175
6291
7423
6344
9815
245
9283
9885
5853
5680
5841
3420
4261
5538
7122
9322
1236
5625
3975
8671
6992
5789
786
1429
9774
3200
996
8542
8740
2857
2976
7817
8412
8778
9199
9986
9313
1698
1312
1760
6822
2129
7242
7520
3414
2727
7607
8077
4715
5806
7394
238
8576
5028
824
9664
979
2507
5561
4754
6428
8102
3729
5873
2089
9140
5879
5790
9266
8299
4739
1468
1374
4043
5595
9982
9710
7870
516
4707
73
2847
8746
913
5156
9537
3899
613
3683
5910
2074
384
9638
5517
6370
5301
6189
3837
9220
4439
2440
8906
5059
2483
7403
6268
37
3267
708
4827
5148
9148
3355
212
4026
1687
8296
3443
9438
7707
6309
1096
1061
4611
5005
9654
7884
8315
8982
9272
3646
3275
2488
7024
454
7517
533
5264
9796
7326
3558
6159
262
3520
1351
7056
314
2980
4503
5959
5346
6127
5921
2260
7365
9812
3216
8087
2754
5008
2920
3572
7625
6465
9427
7292
5747
6198
8091
1316
8462
2218
95
2154
134
5890
7193
5120
8288
5169
3038
4835
4892
9039
9082
7547
801
6891
8958
3723
7346
2615
5931
3223
6744
3228
8719
9365
6941
5177
1325
5191
3542
6442
1332
1554
1531
1058
6236
8324
4747
2159
598
2436
4136
5459
3114
9048
5663
33
3422
4176
1501
2783
9607
4145
3093
9451
3242
7933
4021
2793
6569
9768
9070
842
4621
8563
1270
4066
2961
3696
1190
7462
5570
2225
6228
6274
5448
9953
1202
1049
220
7131
3461
550
203
8594
2858
5519
4269
3935
4782
5437
3668
4908
1407
5773
1639
8022
5746
5131
3376
8259
6657
7177
2989
2229
1741
7714
8632
3014
6160
7412
2077
3462
2841
9261
7904
7379
7940
5705
7525
8696
4881
6461
4290
8359
492
5696
6208
7956
2993
2822
5784
581
3083
3705
4855
1998
560
4426
5133
3490
7337
2492
2946
8996
5606
9346
6062
9079
5455
251
6445
142
2716
6365
4137
8351
4204
3035
2275
4056
267
2224
3495
5772
9790
6972
4343
3129
1529
1814
6475
5661
8496
3674
7078
217
5358
9586
6815
2845
6362
207
2066
3746
1397
6041
1967
1145
7727
2871
7183
9228
9848
3896
5349
8139
712
6388
3329
9353
3067
4031
7457
2560
1237
6523
6492
2752
789
3030
7011
7102
8899
9992
1631
4301
8054
5064
5566
303
9930
5707
6455
3226
3610
5962
4224
2008
6590
2693
4916
8218
552
4243
3776
2262
8500
5192
7316
1224
7660
1896
1566
4231
1176
4467
9672
7240
3385
1206
4960
6484
5769
3772
9092
5214
8954
6393
401
4272
1595
9124
5677
6139
9409
9316
690
8711
8029
3085
9583
9142
3657
7567
8493
3485
7788
8270
5298
8570
3058
1279
1825
2168
9560
7211
6896
6369
2774
871
7378
2300
1792
1220
5833
5716
2516
2259
7494
3344
1735
4413
9538
5827
8717
6485
8398
5800
1171
639
5529
9720
7169
5202
2650
9969
497
9146
461
7980
542
1616
3871
4299
9350
8705
8710
3180
7905
6767
7014
5523
6253
4767
1601
2121
6902
6329
7471
6110
7556
9733
1444
7140
5
4523
2985
9429
927
4118
8743
9816
8559
331
8950
8796
1132
6418
1213
4154
1714
2378
6276
9779
3951
8098
5020
7804
2098
637
3070
9192
1322
7100
5302
3147
2832
5624
5470
2201
4610
4507
5273
1830
970
3262
2519
2474
572
6119
9215
517
2446
5208
2710
554
9595
9659
5379
2110
9435
7771
7442
7872
4232
4228
1421
734
5718
2092
836
7838
2970
9755
7171
6719
5756
5868
5047
7751
8522
4954
2056
286
5149
3856
4385
2778
6487
1899
1715
2609
6082
9839
5446
6300
223
6380
9337
1184
4121
5318
2677
2252
4172
3818
9219
7774
3659
6088
778
2634
4788
6597
246
6664
4086
9895
4833
4861
92
2534
496
2540
6340
5494
4452
8157
8770
2988
3081
723
8624
3905
9725
7330
5489
1666
3556
515
7768
4199
7795
3234
895
8751
1762
3983
4392
7298
3803
5227
233
3249
4847
6244
4802
4101
8069
3540
5828
7882
2039
9396
1930
1784
9195
9782
916
5565
1416
8247
8053
7001
580
9072
5815
8625
337
4429
4352
4551
3235
9569
9237
9402
9234
2869
5017
5086
3512
9490
7930
4920
3322
4813
8603
9335
2487
9376
7148
9114
1335
7767
1937
309
9781
5635
1874
4634
6939
8178
8578
5837
8776
8643
1128
6102
9445
3853
2305
9589
421
8798
2918
9042
5152
9515
3816
1309
8311
6710
6722
3608
3787
46
7082
3821
4241
1413
2782
1172
7476
7207
2303
7523
3879
2382
6392
6190
825
8445
8253
9776
984
2212
9973
2671
7840
3331
9544
7682
4080
5325
616
5590
6565
4349
1152
1431
2740
9673
7813
88
6833
1051
6038
8897
6834
9172
1458
652
7083
7341
5465
87
2826
7315
8815
8367
98
1999
5714
1076
4535
5731
4019
7449
1705
1788
6052
6567
7696
4039
6872
7582
6942
8978
4750
219
4252
1614
9344
5498
312
3877
1691
2345
8741
3684
7142
7513
8889
2802
3006
1390
3152
5813
1282
4417
704
9932
5577
4173
6783
6764
523
2428
4168
8680
153
3269
347
9338
3001
8158
7335
5006
2466
9395
5612
9769
8498
1989
4906
2781
6613
3052
6867
4375
730
2881
891
3600
1808
3423
5014
2746
5922
5914
9371
4792
3199
4848
2699
8045
2678
8343
5350
8273
4719
8021
2404
3397
5524
6030
6830
9910
5573
6486
8223
8873
4907
9906
2237
7404
1843
1099
2518
1938
4443
4851
5255
1409
9923
107
4580
7113
4936
8644
9298
4787
1057
1526
669
7063
4499
1763
5404
1221
8222
6168
5178
5193
7332
5452
1767
9151
9896
2326
9182
8313
5508
8852
5986
2020
8094
4624
2379
1568
1720
354
3446
480
4339
9447
632
8476
6663
7797
1748
7855
200
1423
1854
3347
1581
8458
295
5016
1625
1729
8485
335
2330
2337
9244
1473
3609
1257
3758
5734
2001
702
5223
5520
323
1474
4956
9053
1223
1993
4565
925
9372
6171
7191
1943
51
2460
4752
5877
6000
8596
6384
1838
5167
6633
800
2640
9038
2041
8275
7173
459
3320
3294
5682
3349
9661
8106
2236
5514
5847
7765
919
64
4589
7991
4480
1734
6305
7495
672
8971
7649
8302
6346
8804
6068
8491
6438
9040
6046
1824
1670
658
4639
15
5503
7831
3378
9757
7915
8587
3857
4895
9675
161
4804
809
643
9520
846
2221
3707
3678
2840
4317
2743
7286
7279
4656
7808
1630
9593
8655
4193
8035
4939
8812
7669
3105
9525
8915
9200
7919
8232
9392
287
6782
3807
7591
8026
6451
7997
1363
4660
3296
5753
2706
3630
7393
8825
8748
6852
5233
2526
5516
2874
5987
1313
6427
5054
2807
2071
2342
1542
775
9550
4007
6800
4110
1329
3953
606
8130
4683
6328
2214
4552
1831
556
7926
5771
1916
5345
6612
8294
2050
3810
7235
8648
8410
9052
3709
5488
3637
3112
468
4915
5929
3046
4609
6842
4740
4944
3441
4127
7138
3789
4914
1467
1662
8290
5334
624
9014
9690
57
1686
6823
8154
4868
3851
3868
4643
5408
9751
3159
4579
5244
8980
7087
9166
6666
994
6144
6147
3867
6145
6353
3350
9756
4635
1177
8339
6432
3525
4695
597
96
5738
7868
3474
2002
5742
1124
9495
3570
4710
4669
8120
4495
6514
4146
9448
1133
4726
7812
9204
7302
4371
7300
6056
8986
3445
6938
2095
4206
7150
5251
4402
1078
5282
1489
974
4779
6120
2942
3730
9975
2966
585
4369
5399
7935
951
1141
7416
2099
1634
1454
4879
4098
8047
8433
3919
158
2789
8638
7174
8826
3936
532
3413
6045
926
4689
9288
3170
6286
9091
6918
6143
2126
3550
9866
4545
5200
2473
4004
868
7351
575
6831
1162
784
8385
4921
4337
4741
808
4917
8017
6587
5555
5673
1537
9993
8224
4694
8753
9043
5445
9036
7885
7516
2870
2655
9384
6626
8128
5209
7009
3573
9259
3383
4866
3453
733
3648
1072
1435
8376
1154
9522
5695
6876
4050
9116
7106
2264
9113
1200
7073
7566
5428
8365
8883
7004
8840
9085
3281
9928
5125
6060
9836
8298
1168
2660
8342
4462
6476
6355
4774
3341
6169
3778
6631
7724
6467
2274
3526
3029
8430
8402
3992
3026
1506
6377
4195
67
6257
3003
5439
3564
9640
4743
8941
2026
2231
494
4253
3530
3897
7118
8896
1090
2996
78
2922
3101
179
482
472
709
145
1620
1713
9877
2348
4205
5231
315
8885
102
7128
2765
5368
2344
4822
9501
9271
4513
5095
3494
4122
6563
6786
7662
5164
1017
8933
1419
6758
4395
8096
2907
7373
7431
2502
695
8817
8709
5374
9310
4858
9677
4997
9201
4115
6677
474
294
9099
5134
1491
8449
4559
6982
291
5340
7291
2581
5856
5141
1227
6507
7267
8912
9970
2636
7454
8992
6079
6911
6255
3583
9162
1226
7762
4227
6131
982
8436
1588
2990
6527
6466
9617
1349
2757
9370
6098
2564
5421
8355
6576
2270
7936
2973
4041
7802
9541
9959
3050
9300
6811
6499
1682
7687
4684
310
1104
4102
7925
6649
5500
1065
8044
2385
9297
5170
6543
7254
4794
7794
7741
4158
8219
3514
2334
8427
5402
4286
7800
3907
3040
6148
7626
644
7545
1460
8165
815
5649
8014
2353
3020
6558
949
9543
1253
2567
4905
2573
7360
790
1070
4791
8321
1908
7759
3465
5621
8175
1402
2142
2458
5994
9100
5396
467
2395
6989
8552
6178
1657
3559
3236
2731
1841
7634
944
9359
3084
5063
9023
3969
6083
2380
7617
5153
1599
4521
3927
1027
1424
2959
729
4356
2705
6607
628
5586
7761
2463
2736
7269
6721
1758
8314
648
5106
3616
6436
4323
1486
8210
1359
7657
373
8720
8843
9619
8724
5630
8148
3980
1333
3351
8967
8400
97
6022
5629
6322
1178
3215
2062
4312
3973
1089
8392
3137
2478
953
7401
4571
3945
4672
9882
1296
6723
2875
1117
6919
5940
5308
9004
7918
5865
756
8200
7887
3703
9133
5477
7428
1151
3617
7836
5918
3599
8264
6956
5988
2850
3098
6560
2674
7916
8940
3838
2642
9804
6149
1573
5129
5453
8772
9089
8431
1188
6933
1377
2842
9293
441
7681
7770
6861
4699
8657
5168
244
2694
4182
9406
3842
9770
9117
1167
190
3938
3833
4459
7529
1750
772
3999
8060
4811
7297
2579
4326
4044
4092
8277
2296
9902
9858
4966
85
7878
297
5240
8225
8041
8533
2450
9493
1648
1003
4891
1479
2184
853
3386
7257
4427
2341
876
7648
4541
9777
583
1404
6002
3362
627
129
8922
9139
5942
6898
1118
7856
9059
4830
6167
6231
9065
1893
9391
2022
5831
1891
568
1751
5473
5814
7361
7652
9452
2432
3171
9881
1703
1984
8849
5058
851
6746
7144
3934
5491
5307
1443
7309
7994
4837
605
5032
1108
2943
7685
1755
7413
3113
2136
3681
2632
7875
7608
5939
1267
1156
635
6959
9981
2038
7062
4614
1487
4667
7109
7500
6310
8391
5123
8925
3715
4129
7558
7548
5674
5115
3876
6278
292
1606
893
9792
120
466
5043
8588
8164
6391
1582
9364
7705
9508
9963
6513
2481
4219
2422
3827
3010
1008
4527
7270
4888
7561
8550
1852
9155
7044
5060
9443
7363
29
350
8424
2030
8033
4386
9279
9670
5464
2816
8999
2926
2049
8254
8497
2496
8278
7115
6296
4716
5365
1262
6662
4843
9454
9957
9084
9375
7779
903
1389
9093
8756
7576
5849
6426
2563
7596
5920
1300
4585
6518
2721
8358
7314
5401
2069
1305
8134
426
332
3580
5809
976
3002
4909
8633
7025
4032
7192
105
9463
141
7616
7780
5386
4373
1578
4745
9060
2037
5824
4264
2690
8565
6327
1276
4948
7090
268
2589
6156
9348
9157
977
5863
9145
9285
3319
4091
3534
7661
2801
1785
3222
3457
5618
7130
1802
4929
6777
7528
4844
3315
6748
1584
3284
3480
7342
753
6974
2416
4046
5195
799
706
7565
4938
8346
5978
8229
2391
2091
8537
5304
1997
4500
3438
28
4514
2250
182
1306
617
2028
8002
4162
7313
5392
4937
5752
4524
8267
9340
5643
6157
2644
8847
2787
4658
932
9188
8301
2097
3555
8953
1180
4619
2911
1574
968
9802
6780
9249
6411
680
9017
7536
3118
8340
880
9655
2486
7389
9558
4841
1859
178
1466
6387
5739
6414
7718
1038
9494
2269
8109
5628
5348
8499
4428
8508
2729
9115
9153
8437
9679
205
6177
3077
8374
9505
9795
6349
5367
4825
9303
1890
735
7294
136
365
4584
1952
211
5740
4796
2284
4475
2707
2900
1900
8787
9979
1583
3166
508
7675
2182
6334
3116
2145
1285
3677
1340
8809
9018
6580
1624
6978
7534
6301
8310
5292
8140
4682
7975
2772
4303
6599
6037
4482
3466
2755
9193
562
3419
2837
7312
119
8286
112
6404
9773
3255
3237
5592
5974
5190
3270
3585
2556
249
3998
9509
8614
4449
5173
6151
2434
5823
4759
8335
3197
2134
7194
1920
2570
1610
3415
5189
8011
7268
6342
7743
5694
9177
8735
7624
5845
240
6234
1060
6944
1346
1623
8418
8677
6585
3103
8297
5101
2417
6935
686
8970
9190
3759
3738
4720
3694
6888
3463
3548
7296
4335
4721
151
4321
5701
2035
7076
9054
6033
2025
1565
353
5725
5052
7190
677
6655
3018
2302
6970
7266
8605
3708
41
8884
3982
8593
4673
9289
9466
9854
7093
1062
1846
8541
5162
2762
2336
8725
7435
463
8783
9752
3043
2668
3
2929
6251
5758
3379
8231
8598
6249
6807
4816
6715
8645
682
9174
5161
4280
8694
8489
6011
2241
649
6617
5750
804
6965
8516
8228
4731
5616
6280
6396
9668
3121
6952
3841
6471
6071
7733
5135
1980
8520
8546
1915
3492
5965
2251
6651
8824
2977
743
7333
6753
8100
4686
4251
5620
8166
478
4104
6640
6730
3213
9446
3925
7041
1764
6681
7463
3484
3698
5102
7532
1039
1525
106
5424
8876
2019
9995
2827
6866
7446
248
4572
8048
5690
1341
2814
4025
5851
6270
2365
6682
1858
8214
9778
6964
5183
5449
2327
7145
1273
8090
3735
2544
7195
1405
8834
2373
6211
4903
434
9083
4869
4325
8159
5578
5336
8994
5594
5258
7957
410
9801
147
6788
4711
9439
4353
2859
7424
8948
3448
2829
1924
8246
7580
5835
5369
8755
8132
8747
5839
1455
989
634
4179
2607
5953
5286
1442
9251
6698
8129
2692
6292
4566
4055
8000
1818
1829
2742
8169
7414
6036
8203
3491
3335
3536
2520
3809
3798
715
7758
8018
1281
5062
6728
9728
8305
9526
17
3501
9712
9825
9491
3032
4693
1771
1992
2697
2147
2491
3250
3264
2268
8515
2122
214
2921
670
3943
975
5686
3233
143
8403
2356
2322
5247
4965
5676
8757
673
3247
2139
4882
8411
6020
5417
7621
1472
6993
7396
7126
2027
4734
6750
3108
2135
3327
9722
7564
7473
6645
7459
9378
4650
7684
1400
4510
5765
6336
4307
5069
6072
319
4940
6600
5913
6410
3017
2456
4152
630
2726
9418
9727
9087
9940
8419
1035
5757
987
3109
3489
1235
6988
810
7390
7512
3597
7721
9269
3220
3225
1909
8509
1243
5375
6671
6496
8258
2420
6547
1066
1559
7329
6540
6997
1214
9035
9606
6672
7272
8866
9662
1810
1940
943
4603
1929
5528
7912
764
7444
2178
5875
6951
2812
5461
3078
3675
9968
6537
1292
9231
9726
2161
6463
6771
2828
4803
8853
2261
6604
1304
9047
736
6578
5810
9517
4051
9506
5362
6394
863
2934
1778
2600
7119
4381
3068
7293
9976
7147
3571
7713
175
307
3551
5007
9648
6817
7680
2493
5840
9163
4508
355
668
1136
2547
1707
1198
7482
4525
2728
265
4698
8514
2084
5468
595
1426
5100
7627
2889
3424
4450
8245
3891
4468
130
1100
9112
1242
3439
9356
7234
2072
5505
9669
2527
3372
2389
7409
6961
3782
1684
9423
1018
3944
4316
675
3773
2865
9284
1679
8854
1945
7728
2680
9599
6024
455
3382
2617
4547
414
8444
7668
4174
6273
9859
3966
7553
5715
4904
1742
8861
5046
6505
133
3096
6821
9247
8243
8818
9887
9425
2899
6914
5777
1954
7747
4453
1809
6407
9465
7900
3314
2328
4171
3496
7676
185
2553
6847
5976
2815
2593
5821
6307
6927
2033
2407
4949
6704
9724
4116
8012
7686
1254
6449
8407
6994
7023
2080
9985
7105
6066
3898
3997
7823
3440
7717
1126
8457
4245
2583
2652
4493
3310
9741
4926
4390
1075
9576
4309
6981
2415
4959
4618
8647
8338
2189
2688
5603
4160
3909
9198
3458
6793
25
3398
2885
7599
1166
5541
5388
7929
2388
7084
2537
7026
1317
5490
1233
2153
5838
2649
2003
5884
3290
7099
8956
8952
8429
4327
724
4974
4983
9333
1079
9049
8209
8072
3894
6614
4808
5727
6912
7275
2596
2128
8394
2497
6183
4059
4383
6029
9534
6878
5582
3508
6865
7526
4582
7210
3739
5104
3890
4013
8519
5248
7631
845
6906
4438
9223
1161
1494
8813
9833
6285
6095
4240
3363
1447
894
7793
86
9055
9890
9865
7451
1438
8479
8794
8908
6761
8473
7074
3475
2213
3529
2346
8399
5552
6826
1251
5118
226
201
610
8686
8480
7295
7822
9656
9414
4553
7472
3563
4887
2610
3783
5126
1756
1856
2981
4988
6579
3402
7967
4294
7748
1504
9156
5844
1
1385
5647
7075
3604
5013
26
1782
6372
3375
9787
6979
1483
1002
9622
3567
8963
8704
3962
9784
2834
6508
2861
1685
4020
3950
1343
7815
6440
5887
7753
3638
5518
8289
5254
958
7196
1552
4823
2107
7667
6630
3612
2517
1321
8404
6210
7666
5050
9217
2130
8540
5501
6713
2585
9468
1775
2172
6605
8615
442
4875
8066
5617
1876
1557
2370
6516
3097
8942
9341
6016
1563
9473
2764
7965
1111
8905
4502
1245
4964
4963
6752
3221
7355
1593
8153
5562
5391
7653
8547
6691
3353
6690
8729
1271
1801
7819
243
6202
7963
5116
4177
3692
4863
1668
3670
9380
5329
8192
9229
5260
986
5341
3357
7027
9252
7834
4587
7061
3356
453
7971
8295
5471
7485
6813
5550
5981
4143
8432
6609
5440
4817
513
5163
9320
4613
5274
960
1298
9149
2263
9246
9308
2905
2992
4773
2060
1015
5681
1524
9913
9390
3780
5360
3947
1676
9540
1564
7430
1022
5692
719
3338
4893
9989
7694
9408
5679
9019
8910
7867
7289
1540
6503
7205
8185
1853
4762
4419
7655
5083
5363
9214
8888
8512
3647
2984
370
5027
4308
886
9428
9555
7388
2369
422
7923
7065
4856
5822
861
1147
7132
4142
8955
2557
4332
404
5447
4946
1113
2374
6425
108
452
5277
7514
1204
8556
1656
5858
1105
174
6219
1530
9926
746
6549
8428
2894
574
3770
5018
4885
4971
4910
3094
4604
9519
8930
1085
4011
9078
7586
3185
7551
9764
5583
985
573
798
5576
2180
8728
2052
70
8057
2739
5041
4993
2005
7029
1987
3016
9417
6084
1726
9037
8685
8763
2471
5722
5323
1159
8317
7643
8262
9120
7441
2468
4590
4103
4188
8061
6835
9830
3360
7157
155
1274
5256
4925
1536
6092
9706
3403
1140
8477
7632
2249
9806
6923
2811
1239
8414
3090
9746
9568
1086
4463
4865
5782
7249
7017
5972
7749
8839
2000
9071
5641
6943
9732
7938
5613
8070
2195
7883
118
3232
9974
5182
9938
2004
197
770
687
1399
5881
4550
6217
7711
5198
6582
7572
3667
3028
7486
2185
9680
7695
4163
6571
490
8099
5119
9360
3870
19
9511
5281
4305
8758
8502
5317
8501
2844
6557
2763
9598
6350
9329
8401
2272
6846
6999
9984
8975
2800
3154
1398
2029
8631
4085
1991
6339
4818
1888
8555
4840
3117
4666
7888
2205
1934
4870
4474
1950
6862
1521
2561
8973
5717
601
3625
4213
4009
2684
3476
3523
9987
9273
751
450
2613
471
7773
1347
2821
7722
6043
633
5021
4807
8320
5874
2654
8126
4027
1023
9641
3295
6909
7440
7175
5222
9323
9176
8108
7951
1892
2083
2717
9281
4128
909
4209
8348
8251
2352
5878
4894
9929
3763
74
8571
9758
7799
8481
6967
4540
7080
1175
7143
7949
9405
1872
342
5871
7719
293
8898
4159
5664
9657
7658
4517
50
3754
720
3719
9850
7589
230
7679
7506
7253
6526
2623
4717
5293
9492
8991
5669
6839
6648
6727
2701
1009
3860
2067
3581
1148
6913
368
4226
457
8242
3881
3628
7651
1137
257
7320
4024
683
1865
4434
2087
7032
1972
4017
529
8538
2730
721
1983
1418
8064
6854
1185
318
6021
4751
8162
9886
7960
9206
7507
6850
9030
4156
9703
7353
7511
8539
8105
5944
438
3524
2928
7172
7692
9653
7156
4068
4538
7338
2331
5850
1842
1982
2630
2371
3227
2753
1511
4132
2152
8626
3967
9015
8345
4676
7895
4289
9539
7258
7381
9263
9917
1690
1936
5575
7790
2444
1816
1369
7757
816
9218
8760
4659
213
4577
6594
8766
6441
8806
1975
8518
6490
7860
9132
2078
1289
7410
6799
6308
2012
7709
4846
7311
288
2504
2819
5092
6429
2886
1815
4344
5042
1388
4117
2960
1879
1990
139
9103
2862
1849
5000
2361
6924
4398
2791
3855
4469
5394
5184
3371
2971
7537
5364
3747
8595
2838
2586
397
9478
4370
9388
6751
4772
7359
688
7531
2594
4322
3655
7420
5759
945
2309
1718
6502
9775
6755
781
3373
2198
5502
7731
8795
6825
372
1294
7581
5072
8172
1895
135
374
3799
7308
9094
9880
6018
3406
3507
9253
3875
8213
1820
9208
3603
2381
4435
4279
590
500
6625
2333
5793
8257
6512
1819
4049
9943
7261
5012
9580
3219
167
8284
813
742
4081
9514
9847
8784
4982
4361
3618
3313
1396
8119
1613
7049
4141
9076
875
7673
4437
4107
8667
2102
6097
3873
6358
2437
9241
7158
9633
4380
5599
4677
4557
8030
4702
8383
6699
7034
7848
3769
7559
1953
7376
5331
7549
8716
7939
9747
9843
8028
411
8707
9404
6795
9449
7786
5246
7579
8319
4561
1195
2631
470
8484
4820
4984
6602
8261
2824
4052
1337
8097
3711
2555
7419
7961
3903
1855
1923
3048
5908
8405
7230
8174
35
9366
9694
4605
2509
9549
3204
6124
6529
6522
192
7031
3190
2818
3929
3963
4329
183
7349
6061
3895
1412
2512
6937
5601
3304
2704
866
2572
7168
9602
7350
3639
6197
2203
2803
2689
5066
7498
448
9294
4444
4472
2441
3771
2860
1873
204
713
3256
1297
6015
3432
8027
7642
9001
59
2276
3884
1485
6984
6759
8199
8144
8079
5634
9481
8373
3817
6287
1295
8465
711
9888
1448
4255
852
2335
618
6697
3389
4379
3104
4022
2949
7260
4620
2658
2925
6804
7007
2912
5179
3198
1030
2157
5207
9894
7852
3515
5045
8722
1037
6990
7019
7112
2021
3506
9106
2741
9016
9692
6828
7151
8733
8160
2983
1926
5266
9575
2199
7735
6
3593
3561
9347
864
5956
6081
152
2775
6700
359
3174
7826
1823
6298
5245
2854
5211
620
8988
838
3974
5370
5984
5165
7199
2464
972
9695
8510
8005
3307
3955
7184
4008
462
2174
9489
9022
5869
5504
8352
2349
4923
440
3633
55
4346
8492
